3108654560
3108650835
3108650089
3108657827
3108650291
3108659620
3108650026
3108654629
3108658683
3108654636
3108650309
3108654648
3108654648
3108654648
3108658667
3108650018
3108658455
3108652918
3108650343
3108658424
3108650662
3108654562
3108654570
3108654622
3108655293
3108655357
3108658262
3108657152
3108657635
3108658062
3108658088
3108658254
3108659629
3108650009
3108650045
3108650164
3108650190
3108650202
3108650266
3108650291
3108650445
3108650646
3108650658
3108651395
3108651500
3108651833
3108652202
3108652363
3108652783
3108652960
3108653502
3108654065
3108654070
3108654502
3108654523
3108654533
3108654562
3108654597
3108655084
3108655293
3108655368
3108655636
3108655866
3108656969
3108657630
3108657962
3108658041
3108658048
3108658109
3108658110
3108658612
3108658618
3108658684
3108658700
3108659217
3108659511
3108659533
3108654619
3108650044
3108654525
3108654623
3108650660
3108650442
3108650439
3108650656
3108650575
3108650350
3108655570
3108657991
3108650044
3108654625
3108650177
3108654651
3108650634
3108650553
3108654646
3108650851
3108650851
3108655408
3108658954
3108650417
3108651811
3108657935
3108650675
3108656303
3108657205
3108650683
3108650656
3108658331
3108650505
3108650241
3108650650
3108657885
3108657991
3108652365
3108654089
3108650644
3108657922
3108650290
3108658954
3108656014
3108650540
3108650332
3108656012
3108658954
3108650157
3108650602
3108650329
3108658130
3108657991
3108650566
3108650417
3108650329
3108650851
3108650512
3108655760
3108650562
3108650851
3108651818
3108650522
3108652213
3108654514
3108650536
3108655323
3108650553
3108650365
3108650615
3108650168
3108654619
3108650312
3108650851
3108650056
3108654635
3108656014
3108657991
3108655021
3108654089
3108650553
3108658676
3108650177